[ 2319.632752] [Project1] 2763 1588168439.557296084 1588168440.533986739
[ 2321.612054] [Project1] 2764 1588168441.507660922 1588168442.514276967
[ 2323.545851] [Project1] 2765 1588168443.457766657 1588168444.449036266
[ 2325.494782] [Project1] 2766 1588168445.423844109 1588168446.398945618
[ 2327.507064] [Project1] 2767 1588168447.396042142 1588168448.412234081
[ 2329.432549] [Project1] 2768 1588168449.388226258 1588168450.338681404
[ 2331.412167] [Project1] 2769 1588168451.330477853 1588168452.319287681
[ 2333.412793] [Project1] 2770 1588168453.320834631 1588168454.320914065
[ 2335.348525] [Project1] 2773 1588168455.309339919 1588168456.257614689
[ 2337.354106] [Project1] 2774 1588168457.266203030 1588168458.264197552
